1000 0 -30
79000 0 30
+1500 0 0
+1500 0 15
+500 0 0
+333 1 5
+500 1 0
83500 1 -5
+333 1 0
+267 1 30
+234 1 -30
+500 0 5
+834 0 0
+500 0 5
87000 0 -5
+500 1 0
+1000 1 5
+500 1 0
+267 0 10
+400 1 -30
90000 0 5
+500 0 -5
+167 1 0
91000 1 5
+500 1 0
+500 0 -45
+500 0 0
+1000 1 15
+1000 1 0
96333 1 -15
+1333 1 0
+1000 1 -15
100000 1 0
101000 1 5
102000 1 0
+666 1 -45
+333 0 15
+333 1 -45
+333 0 15
+333 1 -45
+333 0 15
+333 1 -45
+333 0 15
+333 1 -45
+333 0 15
+333 1 -45
106000 0 0
107000 1 0
+666 1 5
108000 1 0
109167 1 15
110333 1 0
112000 1 15
113100 1 0
114666 1 15
+1000 1 0
116000 0 -30
+1000 0 0
+500 1 5
118666 1 0
11900 1 -5
+500 1 0
+333 0 -30
122000 0 0
123333 1 5
125000 1 0
126333 1 5
128000 1 0
+666 0 -30
131500 0 0
+1333 1 5
134000 1 -5
135000 1 0
136333 1 -5
138500 1 0
140000 0 5
+167 0 0
